0,199
0,347
0,198
0,334
0,197
0,333
106,1
106,3
106,0
0,194
0,330
0,193
0,329
0,192
0,328
0,63
0,327
0,62
0,549
0,61
0,325
0,60
0,324
0,59
0,322
0,58
0,321
0,57
0,320
0,56
0,319
109,2
0,54
0,317
0,52
0,315
0,51
0,314
110,2
0,50
0,313
0,49
0,312
0,47
0,310
108,3
108,2
108,1
108,0
0,570
0,569
0,507
0,506
0,504
0,503
0,495
0,412
0,411
0,410
0,408
0,407
0,405
0,404
0,365
0,364
0,362
0,361
0,360
0,359
0,358
0,357
0,356
0,355
0,354
0,353
0,352
0,217
0,216
0,214
0,213
0,212
0,211
0,210
0,209
0,208
0,207
0,206
0,205
0,204
0,4
0,571
0,548
0,305
1,0
109,0
110,0
0,308
0,307
0,1
0,11
0,7
0,6
0,5
0,3
0,0
109,1
110,1
1,1
109,3
110,3
1,3
0,304
0,303
0,302
2,1
2,3
0,12
0,547
0,10
2,0
0,8
0,9
0,490
0,489
0,300
0,488
0,487
0,299
0,486
0,485
0,298
0,567
0,542
0,297
0,560
0,541
0,296
0,540
0,484
0,295
0,539
0,483
0,294
0,538
0,482
0,293
0,537
0,480
0,292
0,555
0,479
0,291
0,559
0,481
0,290
0,478
0,477
0,289
0,476
0,475
0,288
0,474
0,473
0,287
0,472
0,471
0,286
0,470
0,469
0,285
0,468
0,467
0,284
0,566
0,536
0,283
0,554
0,535
0,282
0,534
0,466
0,281
0,558
0,465
0,280
0,568
0,464
0,279
0,553
0,533
0,278
0,552
0,462
0,277
0,557
0,461
0,276
0,532
0,463
0,275
0,460
0,459
0,274
0,458
0,457
0,273
0,456
0,455
0,272
0,454
0,453
0,271
0,452
0,451
0,270
0,450
0,449
0,269
0,551
0,531
0,268
0,563
0,530
0,267
0,565
0,562
0,266
0,556
0,448
0,265
0,529
0,447
0,264
0,550
0,446
0,263
0,528
0,444
0,262
0,564
0,443
0,261
0,561
0,445
0,260
0,442
0,441
0,259
0,440
0,439
